329
-304
410
-870
990
-58
943
608
-95
-618
947
350
-885
20
180
643
-472
-151
-82
578
-225
-260
408
783
-513
360
361
383
632
748
612
636
857
-586
754
-132
-374
84
-310
103
297
-289
-279
187
-822
-879
-123
811
-267
-425
-427
-791
-53
871
152
-268
-122
262
231
4
-162
-181
-676
-575
979
469
282
-43
187
-539
-769
838
-724
865
578
40
-645
848
-524
882
923
-737
-924
416
728
323
-267
-994
-556
-188
-605
294
446
113
-200
760
843
953
-639
85
-491
807
975
-561
803
-141
-136
710
711
-578
-720
522
182
-332
898
-506
220
728
-925
-489
397
-860
495
-752
-494
-803
-302
757
-925
905
-256
-247
389
-377
357
-951
281
740
-218
-507
570
-372
-496
-957
-605
41
190
-617
244
-717
271
836
530
-444
710
705
510
198
413
738
581
828
-788
827
-580
-645
-585
-422
499
-483
738
-738
723
681
671
-135
190
-860
613
668
-377
863
755
849
-293
452
-454
-204
-738
979
-546
-768
789
284
-661
799
780
-314
95
-950
