-313
-50
321
941
667
759
-62
-865
-822
-401
68
962
-118
-568
-419
577
-322
-873
-315
454
975
-55
770
-355
594
983
340
-529
344
-147
18
383
468
-736
602
998
967
-735
-93
27
-234
742
-172
801
916
808
987
-887
703
970
150
-683
-725
-792
-267
511
293
2
-501
426
278
-365
328
3
965
-49
-176
-242
172
558
-365
-923
-644
-51
-746
165
335
449
-286
-852
953
-779
333
534
-285
-953
-321
-932
942
295
-452
10
-551
-146
751
-999
-603
-717
80
-992
-621
-559
-597
-916
-813
-725
-468
308
-202
556
348
823
-562
809
-860
-623
618
389
-190
314
891
-559
174
-547
-118
179
724
722
-380
961
-820
94
839
416
-972
486
-21
-77
-238
823
429
-29
208
810
130
230
787
281
719
803
-361
899
-90
-126
-24
241
-327
-647
-420
-9
-498
606
626
-134
-83
193
994
1000
565
-568
324
987
-115
-55
921
-130
939
476
-199
-368
-666
-104
-908
-282
54
617
634
833
499
-37
-614
-496
726
-253
-593
-247
338
-116
-202
341
