492
-127
170
17
-946
-770
-777
948
-342
481
-806
81
755
-398
737
99
-354
39
-710
-701
-777
487
-118
-949
178
590
-223
-35
-948
231
-421
890
167
-424
-552
180
-244
-565
-938
-232
864
685
473
32
425
147
-968
-102
-473
532
-549
-260
463
-689
-854
416
-910
-856
734
-355
-364
-992
-404
977
-113
671
857
-755
270
546
-221
18
562
682
628
-194
393
92
-835
61
419
137
-479
508
886
172
697
-663
-158
494
486
-522
771
204
799
-58
-654
537
359
-424
-225
-856
-334
587
-792
800
685
-224
170
-942
433
-829
-182
357
164
-188
-274
-394
-140
627
-298
616
263
-43
-485
367
-437
-38
-656
881
257
294
422
49
901
486
-391
210
640
-783
-420
-827
538
-839
-259
-400
-31
-632
-827
536
-661
651
-410
-532
476
836
519
34
528
-973
-867
-95
353
354
570
819
56
-661
-50
-515
-198
643
-251
784
131
24
564
886
263
-233
-572
-795
-565
605
524
683
-598
82
251
817
448
-343
882
254
-567
-228
793
-11
563
643
