-735
-76
-476
956
439
538
-840
585
-941
-264
-799
765
684
921
858
-649
864
-153
981
118
-163
982
-553
-822
838
-623
189
-46
-182
731
-961
162
-288
339
962
445
253
-648
-508
-63
-334
531
515
-264
-900
422
538
885
275
141
548
-797
-883
727
-82
311
-992
-67
-443
834
325
-285
675
813
602
707
784
-140
344
-373
-441
464
-127
120
833
279
108
-698
-487
629
-482
973
-443
-753
-839
992
369
-117
122
-194
-784
679
864
845
795
-648
747
905
913
-777
-696
776
-675
280
399
-343
-92
211
-132
-206
-733
706
421
-429
-260
401
303
-780
-624
969
562
-577
251
351
-585
-303
-710
-184
456
-897
861
654
708
-789
528
-75
567
287
-877
-617
177
948
-961
433
212
732
929
-66
423
-356
123
539
584
-593
-599
-518
-67
847
-686
141
258
-381
-862
88
603
733
-247
-3
-54
-575
-386
-691
528
-903
943
139
-901
-165
627
-883
-837
859
744
80
411
949
867
-801
969
-931
-129
-550
-612
254
266
530
-358
-87
-244
-383
