783
654
-324
155
994
-607
435
536
953
-345
-313
-906
-461
-486
-775
945
41
-139
269
454
547
-522
-192
8
396
990
-858
-121
-84
-653
-298
277
-587
771
-430
619
-570
-775
745
-64
418
-252
78
323
-195
-377
-235
747
-424
-208
-611
-277
-383
21
249
-716
-379
-35
809
-386
-894
-602
371
618
-74
-765
608
-529
-145
-57
-607
300
-938
14
222
56
-512
112
428
-974
-231
-528
-34
744
360
105
800
370
649
231
-99
-244
729
-258
634
209
-124
656
413
461
764
38
791
-127
-577
-837
681
44
-573
-570
637
-214
-347
849
-844
-33
-167
-896
124
-358
-758
934
310
317
-402
729
-300
418
-113
826
-560
252
-477
695
176
-865
628
933
782
-980
176
-247
775
543
-721
-834
406
-643
-787
-800
-822
-387
875
-124
61
92
-449
670
523
884
187
-140
-267
278
-670
712
511
354
832
-299
248
-632
-167
-587
-273
629
-775
-187
4
41
-222
561
-811
-932
61
611
-935
931
943
903
-281
-959
325
631
319
-862
276
193
301
365
