-735
-146
450
788
-800
-515
522
63
486
826
-402
679
724
-611
-708
599
1000
44
-21
-406
221
-901
-523
-617
870
-68
584
733
569
804
-641
-957
2
-143
68
-697
-89
397
199
420
46
-200
913
358
693
580
863
-277
255
-442
-930
164
-667
119
961
44
-14
383
319
261
-530
918
-68
691
-218
78
326
504
753
572
-848
22
-346
-134
-256
-509
-142
-227
-526
-26
825
387
-261
-559
-1
-345
-369
-666
-55
626
719
317
403
-637
66
349
325
495
167
57
133
-146
244
989
272
471
999
-609
79
739
93
-936
-70
625
-464
-968
-34
-88
106
-29
-3
-837
-50
683
-476
766
-867
888
-230
23
970
318
-881
383
186
867
-122
679
-888
670
737
369
120
679
-73
423
868
160
-589
972
-444
-494
-299
-734
978
-376
-185
-825
479
-651
284
679
-401
876
-74
781
-770
914
725
-906
-308
-286
-876
1000
655
612
-452
-537
305
317
-509
641
718
-786
57
-305
430
-327
-745
966
741
197
-48
80
-81
768
581
-793
862
111
