142
-547
-734
-741
-494
126
-858
-617
644
380
-963
353
-139
750
-482
-997
-954
-360
-332
75
38
338
-464
-466
50
453
124
-563
812
605
-326
233
-558
-88
722
-768
-686
-54
-778
784
324
-698
11
-285
-708
159
812
670
-403
825
-181
-840
133
-215
-518
363
192
286
57
-234
665
-605
-114
-967
947
-576
949
-964
-692
-589
-467
-859
22
-895
-417
-887
-328
563
138
864
344
-943
-501
-115
732
-735
234
621
-388
127
-977
725
521
255
-231
-461
427
65
-903
881
-269
628
-232
519
-977
-728
-770
969
-637
-435
945
931
-57
-768
-786
987
152
579
11
455
-654
-245
-125
-545
-888
207
707
71
832
-690
-538
72
330
731
-389
-722
486
-927
249
945
-184
641
0
-9
821
526
-359
-744
-379
706
589
-76
216
886
-642
-338
-244
232
292
146
734
58
617
-279
-767
-427
-562
188
975
113
-159
533
-333
318
24
733
43
567
-759
221
-759
952
257
-268
841
437
-748
986
-541
943
767
45
-126
869
-144
633
363
-752
188
-218
