-952
790
162
-570
-309
296
229
156
-249
-567
135
-814
391
695
-19
822
-304
175
-773
-176
-318
311
-742
-472
-649
726
-205
525
965
742
561
-583
499
-640
370
-577
245
820
813
-253
-463
219
-552
162
-177
926
619
879
861
-178
846
-932
-743
-452
-408
404
830
396
-897
109
267
726
342
-379
-83
735
-768
-894
915
-390
-530
-691
-978
348
790
108
505
757
473
911
-467
-854
-267
63
-68
587
233
471
278
754
795
244
241
686
501
91
-741
444
330
-118
-68
-275
0
525
746
-717
-123
-941
823
-935
188
915
-922
-584
423
395
409
-699
347
-498
-371
348
50
540
-513
476
-648
-993
-279
-795
-876
670
-833
18
-845
-23
183
820
857
833
-194
-159
-576
433
-625
88
-656
340
-494
-983
-18
284
-158
-345
-268
-251
-75
530
-782
-762
615
-245
619
-953
-923
-70
-622
87
600
-855
647
-707
58
-755
238
-544
-340
-621
677
-641
188
-890
442
-82
280
826
-294
-786
613
-476
184
193
531
732
843
-979
906
-445
-18
-184
