-704
-346
-229
40
516
347
-988
-461
810
-215
-692
-779
519
-989
-758
-416
420
196
7
339
-213
119
-134
865
119
-732
-229
548
297
-343
-710
-781
388
416
-562
-661
-704
-894
33
-838
-990
-551
-321
-133
452
909
-845
-752
887
568
965
-569
-668
-868
-745
221
315
-728
-824
142
300
-740
-297
-699
-377
-434
-829
-678
-822
32
-503
-943
-137
-728
975
-778
-396
520
703
-312
576
-950
611
931
906
-999
460
36
-256
226
-91
-431
496
83
10
-242
-223
72
-731
957
203
719
-620
-481
967
416
-679
844
-283
608
-281
378
-866
968
801
146
-602
426
627
281
-523
-851
939
983
-327
-971
-588
-833
459
-410
949
490
148
133
114
443
-702
-664
-59
-403
862
763
-102
331
-421
499
306
-400
-244
640
-61
822
963
141
-612
-538
28
-943
412
483
244
443
229
379
-706
-8
-886
934
86
-372
-482
594
762
467
916
685
321
236
789
-917
-81
-829
696
-413
233
473
872
970
90
859
-844
593
-457
-189
-519
-158
165
-855
741
245
