-877
72
14
-953
104
2
-462
-8
-452
-864
-219
845
-579
-412
802
369
-764
872
20
-973
-453
-506
-523
851
587
-192
-244
-806
762
198
640
-113
-623
708
-974
-11
957
682
687
-935
312
6
-763
-467
449
954
-859
-983
104
594
684
-648
-811
-893
-756
-889
-46
340
-404
-158
-289
736
-494
368
-245
-120
970
914
-121
641
136
-595
-339
204
-318
255
449
755
972
-883
-701
-163
454
-827
268
312
223
-723
-102
-890
-808
851
951
720
625
216
-705
-964
904
126
-555
-424
517
928
284
74
-879
420
-403
387
-578
-545
-22
-903
-151
-972
1000
849
-131
-511
566
-764
760
-719
-879
-267
328
-198
174
-193
604
-28
-900
-947
-464
-501
375
1
-412
-808
246
492
-499
-19
916
-439
-210
73
-617
184
624
7
-690
-404
-223
461
160
-829
210
-783
-320
330
-453
-653
-215
-18
-239
327
-709
-190
232
442
375
431
-907
670
564
-985
-945
-976
-591
-82
-190
-689
-272
27
633
-138
178
596
-630
-1
403
617
504
-947
-274
-158
-206
-278
